id	x	y
2629	-35.52202813	-6.903441849
88	-37.30597183	-9.691515583
31	-37.18761908	-9.817283138
376	-41.84067941	-11.31266082
2638	-35.88947196	-6.999707893
2833	-35.47093652	-8.224062974
34	-36.92112594	-9.445456499
2639	-35.7796989	-7.390598689
2640	-36.48188681	-6.440342882
38	-36.74574896	-9.966389277
39	-37.53324304	-9.131538275
2641	-35.79741299	-7.594693926
41	-37.36659479	-9.466001349
25	-36.64045692	-9.749327745
2642	-35.44916668	-6.877369096
2647	-37.56132141	-7.371761043
2648	-35.61534006	-7.276131032
3165	-41.50486153	-6.822234635
29	-37.10058136	-9.705979097
3166	-40.83231934	-7.075780702
23	-37.89064526	-9.288649761
62	-36.99533704	-9.654173506
2649	-35.35475099	-7.347892626
2650	-38.18910942	-7.283974192
3055	-41.14808388	-7.021232567
2718	-35.64617406	-6.541733967
2651	-35.25836662	-6.808971369
2652	-35.64712929	-7.405809294
3773	-37.7097729	-5.978494254
205	-37.99519898	-11.67426663
212	-39.63412439	-13.03728304
2653	-35.26967073	-6.595000015
2671	-38.2052911	-7.724891059
2654	-37.81825367	-6.508813717
2670	-35.15632654	-6.719812128
4758	-37.71102422	-9.850829881
2857	-36.20108432	-8.613113504
203	-41.73082376	-13.28641262
299	-38.50867904	-11.11401529
281	-42.83042891	-14.40462128
1485	-43.66444421	-16.13562199
279	-39.18997594	-11.86907919
349	-42.2990403	-14.27903439
225	-38.21379065	-12.17702471
2597	-37.84687064	-6.398291544
206	-38.03628625	-10.56182263
207	-38.72385048	-11.83012915
2675	-35.75641332	-7.201232443
3064	-41.76935856	-6.8525159
2677	-35.76861414	-7.121788857
2678	-37.73615439	-6.546889995
2768	-35.7247325	-6.752657988
3189	-41.51556562	-7.611576267
324	-39.53474455	-12.93146362
209	-38.32862189	-12.0888412
1515	-43.0978507	-15.33571315
3066	-41.48136536	-7.410420433
2873	-36.5263166	-8.047509786
2875	-35.59096526	-7.859972428
2693	-36.669346	-7.324821906
3181	-43.08525742	-8.488155864
3182	-42.26554685	-6.661851245
2691	-36.25139064	-6.978648533
2792	-36.09761445	-8.489670446
2823	-36.16605258	-8.911226972
1618	-42.9998196	-14.80674458
3067	-43.13132746	-7.502547042
2683	-37.09227807	-7.907370903
2685	-35.5662546	-7.566782322
2686	-38.32728362	-6.945271806
2684	-35.42410179	-6.998782731
2590	-36.22183508	-7.271020302
2688	-38.01528374	-7.476454181
2591	-38.63142153	-6.822139705
2689	-36.48925051	-6.666807274
2690	-37.75820483	-7.283566234
1653	-43.25922597	-14.97152439
2695	-37.31790745	-6.994550223
2696	-37.60883168	-6.626154416
2698	-36.39701164	-6.795724897
2697	-38.07956547	-7.460037701
2563	-35.60396384	-7.059027935
2701	-37.93382001	-7.200265531
3719	-36.66571972	-6.881477331
1741	-43.67562031	-15.23431662
2824	-36.5987842	-8.686484955
1743	-43.41888856	-15.82301151
2705	-35.54942011	-6.847400525
2633	-37.09186091	-7.299695018
2883	-35.89513196	-8.683956485
3720	-35.30423728	-6.305495184
1744	-44.86026994	-15.57209084
2825	-37.72737855	-7.792772158
671	-40.97076379	-4.37173274
1767	-44.06012069	-14.32714988
1797	-42.95485834	-15.01544691
626	-39.69894989	-6.985663922
3721	-35.27677334	-5.661980871
3722	-37.65548267	-5.539286297
1798	-44.09297126	-14.64760823
2826	-38.72113851	-8.408839642
2838	-35.93220952	-8.586261462
627	-38.20030532	-5.517202418
628	-39.78531184	-3.239384799
629	-39.98151907	-6.756195138
630	-39.25921163	-3.991540587
1818	-43.76149304	-14.90354498
1820	-42.86377738	-15.42510458
620	-39.03716574	-7.359844363
621	-38.66299535	-4.221969232
2599	-36.29319042	-7.452075949
622	-40.08897358	-2.967568664
72	-37.40176825	-9.246356437
2702	-36.33637766	-6.492955723
250	-40.57562065	-14.38557359
2703	-35.26703128	-7.278705261
251	-41.80967393	-12.74572697
643	-38.62023549	-4.327103323
2706	-35.49430649	-6.796299926
3723	-36.39183647	-5.760077945
1840	-42.96825023	-15.2071101
1847	-42.46908628	-15.19086087
1862	-41.65939207	-15.36751199
1868	-43.27480037	-15.73493735
690	-38.46488308	-4.102027611
2770	-36.20992418	-6.726427209
1891	-43.12203048	-15.50180967
4715	-36.97881564	-10.13883985
3065	-41.62458888	-7.70944551
2708	-36.09278949	-7.061190357
1920	-44.32410942	-15.62581584
3830	-37.99271943	-6.144220817
2779	-35.73696338	-7.678880271
2709	-38.52986468	-6.42841435
2710	-38.5000021	-6.591490139
1957	-43.07964884	-15.71109744
714	-37.74863893	-4.865499424
2952	-36.13020193	-7.869125321
3755	-36.18025175	-5.697706547
1981	-42.99360451	-16.05473857
3098	-42.60669755	-5.607891871
2842	-39.74780697	-7.515688359
3099	-41.03769894	-6.917936612
2853	-39.69391895	-7.787871915
2854	-35.56212057	-8.199705069
3106	-42.60607011	-4.025835738
2962	-36.80406783	-8.620250255
2711	-37.82559191	-6.75698618
2712	-37.08865511	-7.696734945
2713	-38.00453635	-7.653378963
2714	-35.96273386	-7.148482488
2715	-35.9139515	-7.399132396
2717	-35.8628696	-6.907583683
2074	-43.89535084	-15.90850634
2736	-36.6114674	-7.233604295
2081	-41.97673558	-15.34274426
2974	-42.15459299	-5.378623358
2724	-36.83909727	-7.097604291
2682	-38.53715103	-7.206165526
2725	-35.46638051	-7.404199713
2726	-35.92262526	-7.729888675
2727	-38.05408734	-6.546191566
2975	-42.46929263	-5.014481512
3840	-37.24707814	-6.477522715
2976	-44.01912814	-8.501335634
3148	-41.22343527	-7.017628522
3154	-42.5005188	-7.198339821
2132	-42.87402664	-15.82903348
3829	-35.57394726	-6.254806554
3832	-35.92699801	-6.087521319
2728	-38.57926616	-6.746249504
2977	-42.78768877	-6.369630268
2729	-38.57811407	-7.665979574
3172	-42.79801856	-5.774379409
2978	-42.74976265	-6.105982862
3833	-38.07855848	-5.962808395
2979	-43.04157885	-9.213406786
3179	-42.47327016	-7.876819097
3834	-35.58485117	-5.596358706
1153	-43.19119499	-6.588671173
2923	-36.73876081	-8.990994791
801	-40.47480129	-4.156241013
2183	-43.93449518	-15.64184445
2730	-36.90619965	-6.917881483
2185	-43.62680764	-15.54128577
2731	-38.33113196	-7.627860962
2981	-41.82993463	-6.124030582
2732	-37.96218067	-7.386365789
2733	-38.48264266	-6.476344445
2722	-37.63709948	-6.47735355
2735	-37.44502621	-7.090617964
4745	-37.62505213	-10.06403822
2959	-38.07424684	-7.879173782
2982	-41.52515325	-7.244160749
560	-41.69247821	-11.0615741
2997	-42.105738	-4.353917617
3715	-36.82483077	-6.355415482
3108	-41.97668422	-6.50054401
2737	-37.70714352	-6.871652088
2738	-37.47111133	-6.458635888
3022	-40.9563031	-7.702381752
3836	-38.16350742	-6.440212984
3792	-36.83926114	-5.086860487
2743	-38.41748867	-6.733158973
3687	-37.98896478	-6.364135329
3038	-42.84630745	-5.615686932
3063	-41.6802519	-6.673223629
2741	-38.05406098	-6.631506614
3091	-40.73843628	-7.428603175
2744	-36.78727128	-8.088504835
3689	-36.72326006	-5.361881527
3093	-41.09525224	-7.534120987
3094	-42.58378261	-3.707121393
3191	-41.89036073	-7.239577469
3126	-42.30595301	-8.060106611
3113	-42.2845676	-7.820880571
2745	-38.14056105	-6.940863125
3692	-37.83525857	-5.627864811
2747	-37.37934969	-6.812668537
3690	-36.55719779	-5.645729692
3691	-37.92469659	-6.219231696
2748	-38.49438653	-7.098011239
3001	-42.8753429	-9.171221425
2749	-38.09576323	-7.702297837
3096	-42.70804915	-5.695183176
2755	-37.08478216	-6.926760493
2756	-35.19940665	-7.240711118
2757	-35.85140784	-7.087007389
2754	-35.32759338	-7.233643113
3831	-37.97220747	-5.768710079
2758	-37.01460987	-8.157668044
2759	-35.19711863	-7.054542995
3097	-41.51202356	-4.701045672
2931	-37.43724385	-7.42936028
3693	-37.03786978	-5.000960098
3714	-38.42276449	-6.255072001
2760	-36.44700866	-6.907317777
2761	-36.70872777	-7.535814158
2762	-35.45205476	-6.705172457
2763	-38.37656963	-7.217732923
2644	-36.46637398	-7.251729031
2769	-36.37009289	-7.101801656
3705	-37.03786172	-6.46735049
3706	-36.20851652	-6.237387405
2721	-36.1384546	-7.680694218
2619	-38.5283741	-7.50421791
3017	-43.48200444	-8.419831988
3826	-35.71849479	-6.428266291
3004	-42.78870606	-8.407358605
2987	-42.10599586	-6.529156218
2988	-42.36797317	-4.189394057
2990	-42.49089567	-5.815553726
2991	-42.05690374	-4.039353433
2992	-41.90362969	-7.959409441
2993	-40.97740808	-7.391724484
3029	-43.67011561	-8.202448885
2994	-42.40363909	-5.469484667
2995	-43.87602304	-7.745187147
2996	-40.83112922	-8.051059141
2999	-44.54665095	-9.198748626
3003	-41.46801051	-4.114497383
3005	-41.82037863	-3.17516262
2739	-37.95075592	-6.803082285
3006	-41.22281176	-5.142756206
3007	-42.33342567	-4.431605838
3030	-42.18672598	-7.293898396
3024	-41.85050488	-3.391381852
3008	-42.45886879	-6.781690022
3009	-41.36160178	-2.992248391
3010	-40.62864872	-7.306090411
3011	-41.86433184	-7.649982214
3012	-41.82073954	-8.279858784
3013	-41.06192205	-7.183351745
3014	-42.54588421	-3.880529177
3031	-41.57730175	-7.917654751
3015	-42.14516946	-4.877089647
3040	-42.67123595	-5.338981205
3018	-41.9089734	-4.498769567
3019	-41.90089218	-8.52893908
3020	-43.34630022	-9.088840305
3021	-41.82387756	-3.564307333
3023	-41.57232163	-5.316918856
592	-38.95513694	-11.47581389
3041	-42.45745126	-9.327720076
3025	-41.54646132	-3.455092846
3026	-41.96011529	-4.621954044
3027	-41.39621675	-3.647495293
3028	-42.2840769	-5.099677029
3054	-40.79467505	-7.327467254
3032	-42.46984671	-8.796064838
3042	-41.69782481	-6.958906466
3708	-37.58351924	-5.766954135
3035	-43.96115217	-8.781733244
3036	-44.30668708	-9.940301645
3039	-40.77167736	-7.885207253
3043	-41.30968023	-4.255043767
3709	-36.54830891	-6.552761797
3044	-41.92223333	-8.917642575
3045	-42.18994504	-6.186935968
3046	-43.65815628	-7.970750875
3710	-36.85695633	-5.258593256
3047	-42.1896851	-3.823390994
3050	-41.80628282	-7.462909573
3051	-43.07899286	-7.005293989
3052	-42.23368061	-6.422460247
3053	-42.72111569	-6.668757128
3056	-40.58389195	-7.074232827
3057	-41.33803336	-7.186693394
3059	-43.70491811	-6.841877148
3060	-43.67042413	-9.062949458
3061	-42.51193287	-6.037395072
3069	-41.20496925	-7.390945082
3070	-42.52108597	-6.155988132
3071	-41.91812076	-4.840968749
3072	-43.50111758	-7.114444647
3073	-42.44575053	-8.508203743
3074	-42.08208046	-3.5395752
3075	-42.42586462	-3.54556628
3076	-42.52448981	-4.713461552
3077	-41.59359256	-4.97949715
3079	-43.16721428	-9.018790219
3080	-42.56449064	-4.489370014
3081	-41.58104446	-4.363632154
3082	-41.6048672	-8.57096256
3083	-42.60777863	-5.460784247
3087	-41.48139265	-3.082113997
3088	-42.38006074	-3.677474332
3089	-42.52920952	-3.566044646
3090	-44.00748079	-8.206110751
3190	-40.93273633	-7.203722013
3095	-42.77330947	-4.240053461
3101	-43.91491336	-9.803530793
3103	-42.01912544	-3.375063808
2562	-38.21297024	-7.072769512
3104	-42.74518044	-7.051799855
3105	-42.18839665	-4.64313025
3109	-41.9144808	-5.276769073
3152	-42.12142625	-5.974399996
2742	-36.49074805	-7.45225954
3110	-42.25156377	-7.018262947
3112	-40.88102933	-7.376227881
3114	-42.82398158	-7.918219479
3116	-42.95609361	-5.882079393
3711	-35.39497202	-5.595079292
3119	-41.75315784	-2.959284304
2983	-42.51995724	-6.61775135
3120	-42.39871025	-5.84414468
3121	-41.36727192	-7.656807984
3122	-42.53249726	-5.23816979
3161	-42.44924615	-3.818946614
3123	-41.21849078	-8.162393977
3827	-37.02459075	-5.171734715
3125	-41.39942019	-4.489993743
4751	-37.01571273	-10.07679566
3712	-36.32684164	-5.988845986
3127	-41.5230279	-7.063805279
3128	-41.16599292	-6.344369109
3129	-40.71770522	-6.789764922
3130	-41.61375173	-3.851914443
4754	-37.6798235	-10.62405058
3131	-41.77122882	-4.330803366
2984	-41.06837279	-5.879609281
3135	-41.33592027	-8.512853524
3713	-36.1956896	-6.356848955
3137	-42.49004017	-6.352093761
3139	-42.61240866	-7.927208225
3162	-42.24956838	-8.324360491
3141	-43.15181077	-7.770598682
3142	-41.83786614	-7.128449716
3143	-41.86863986	-5.907524773
3163	-41.83362228	-3.798415488
3164	-42.58202002	-7.48201297
3153	-41.58633355	-8.198389507
3146	-41.50032035	-6.938654705
3745	-35.87361661	-5.474876368
3147	-42.22688512	-6.809127798
3156	-42.65174041	-6.002620934
3157	-41.39347271	-6.696744026
3746	-37.838174	-6.287725575
3158	-41.2829588	-4.011099606
3159	-41.87680048	-5.541959934
3160	-41.88215413	-6.956256711
3180	-41.36031917	-7.012411101
3167	-42.53486012	-9.1711435
3168	-41.26282702	-6.765015904
3169	-42.27026173	-5.817706968
3170	-42.40875582	-7.644144242
3747	-38.28258889	-6.340106147
3002	-42.10807614	-4.538806814
3171	-41.43836738	-5.731281871
3728	-35.21357907	-6.287299515
3173	-42.71496492	-8.965922327
3176	-41.8127765	-4.97977121
3177	-40.74176904	-7.670364049
3178	-42.0185765	-7.801365123
2750	-37.30015611	-7.147087554
3183	-42.70016225	-5.099420184
3184	-42.77233486	-4.576760871
3186	-41.79872447	-6.366704771
3188	-42.22507043	-6.553141614
3828	-37.35965423	-6.586863386
2751	-37.35829915	-6.235422939
3764	-35.35492409	-5.45111562
3774	-36.92069297	-6.683305667
3765	-37.47542912	-6.117251577
3766	-35.29074908	-6.504418342
3767	-35.40514467	-6.098103091
2752	-36.82116525	-6.817021699
3775	-38.2838753	-6.450702504
3768	-35.80868298	-6.429507984
2753	-36.85225335	-7.420781229
480	-40.02958104	-13.05080715
2764	-35.66300997	-7.170991739
3776	-37.11049446	-5.783869906
3769	-37.32510136	-5.175466618
3838	-37.32089884	-4.888222129
2765	-35.64425203	-6.833166607
4738	-37.66438457	-10.90268227
4748	-37.50467046	-10.3579151
2766	-35.42233341	-6.741726439
2818	-36.32141257	-8.750144874
481	-41.10845657	-12.83745442
484	-42.13240684	-12.84602779
487	-42.74409197	-12.26063481
489	-41.13299077	-10.86241284
762	-40.58278178	-4.258908551
2620	-37.6121646	-6.901913302
2781	-38.26719578	-6.559488226
2645	-38.40391443	-7.492546041
2646	-38.12453194	-7.154485124
2865	-38.72815905	-8.748950792
4749	-37.52745393	-10.17740663
2935	-36.37717231	-8.879619927
3823	-36.65957469	-6.207352359
4750	-37.23508324	-10.48264079
3780	-35.59872318	-6.444811183
3794	-35.5817112	-5.406960194
3799	-35.84920175	-5.797952595
4756	-37.7578388	-10.56290232
3842	-37.15120317	-5.918024501
3000	-41.62997228	-3.157375998
3841	-35.62003586	-5.276355764
4759	-38.10725435	-10.77399104
4760	-37.42239821	-9.913696051
3835	-35.83286652	-6.212263782
3843	-37.83225422	-5.991409457
3844	-37.2917423	-5.609589388
3845	-35.36812148	-6.350651382
3117	-41.68404466	-7.137893819
3846	-38.52651502	-6.320242927
3049	-42.9637391	-7.786904112
3847	-35.45552204	-6.048051347
3848	-37.9547483	-5.987273476
4762	-37.79221951	-11.07570863
4775	-37.82727626	-10.75385371
3837	-36.71812131	-6.154713334
2819	-38.05327898	-8.054407553
4777	-36.88819129	-10.19253474
3727	-36.20754051	-5.174976056
3016	-43.57729304	-7.513328341
4772	-37.56513827	-10.80237952
2817	-36.67985942	-8.782594201
4774	-37.37842628	-10.37921779
3726	-37.83883733	-6.161175611
3730	-37.2090386	-4.94701502
3731	-36.34373542	-5.174017503
3724	-36.83017315	-6.16861836
3084	-41.48592668	-6.489903358
2661	-37.88680004	-6.588241654
3085	-42.62704252	-5.820015238
3716	-36.44314131	-6.223077793
3718	-38.306159	-6.133841729
3824	-35.68460124	-6.031915649
3744	-36.805942	-6.587387079
3748	-37.02089019	-6.057767744
3749	-35.33978553	-6.255297575
3750	-35.6259869	-6.384296866
3751	-35.45040364	-6.192180115
3753	-36.51831024	-6.077049991
3760	-36.55949553	-5.151575797
3762	-38.15698908	-6.27997315
3763	-37.90543783	-6.079497304
3805	-36.63448222	-5.903495472
3807	-35.51552755	-6.346730859
3808	-35.98865128	-5.14337101
3809	-36.05200901	-6.368537368
3810	-37.15086743	-6.320925443
3811	-38.18348477	-5.984792142
3812	-35.36468931	-5.787172442
3813	-37.18830912	-6.690086474
2771	-38.22621497	-6.737480193
4778	-38.00292695	-11.04192292
3733	-36.80264549	-5.537736679
4779	-37.87866248	-11.36440036
2821	-35.7615899	-8.339651789
2595	-35.59989442	-6.793170335
2668	-37.43855082	-7.247244464
3735	-36.80774561	-5.689485017
3737	-36.19857642	-6.418124435
70	-37.0099164	-9.540900528
3725	-38.10827282	-6.052574746
3729	-37.53639836	-5.394710748
3738	-36.14259119	-5.35375881
2692	-37.136903	-7.609068611
2656	-35.56403624	-7.162176724
3739	-37.47444331	-5.996482792
2657	-36.55730035	-7.057013349
2658	-36.77595676	-6.990318401
3068	-41.25596467	-7.886744302
2660	-37.80251139	-7.500242034
3740	-35.60580085	-6.152077958
2662	-35.36164329	-6.678559948
2663	-35.86726859	-7.145090137
2664	-38.17778039	-6.550679372
2665	-36.93134439	-7.339616525
2666	-35.41815739	-6.521231066
3741	-35.89862582	-6.432284281
3742	-35.98652119	-5.613398245
3732	-35.55000286	-5.783661253
2594	-36.15063416	-7.507005774
2669	-37.52513986	-6.88237769
3734	-37.2239752	-6.78714747
3736	-37.91626192	-5.818170906
2596	-37.49701103	-6.329365003
2575	-36.96368128	-7.103574156
2578	-36.70933732	-7.07218927
2581	-36.26228648	-6.621348342
488	-38.65886098	-12.00340428
2680	-35.49080075	-7.290689533
2681	-35.94545737	-7.090877219
2704	-35.60815349	-6.883022165
120	-36.49547723	-9.620399924
3102	-42.26308824	-3.705306914
2694	-37.04287727	-7.114381019
3149	-42.70219884	-6.04966221
2719	-35.66899342	-7.237505351
112	-37.49562668	-9.531625924
2720	-35.28992567	-7.154671898
242	-39.09685022	-11.53577349
2601	-38.70046988	-6.94551636
3151	-43.00775068	-8.964626865
2604	-37.08496081	-7.208188205
3695	-37.32440271	-5.880804182
2605	-35.411368	-6.603873415
2971	-42.627636	-5.913530542
2607	-37.80100434	-6.959643797
2606	-38.54371859	-6.918966767
2608	-35.33151542	-7.134420607
2862	-37.41600457	-7.71341685
2609	-36.80051414	-7.899805292
2618	-36.05852688	-7.414891995
3697	-37.61788757	-5.092352208
2564	-35.7584598	-7.068036821
2565	-35.52171817	-6.958940523
2767	-35.26054179	-7.188418374
2627	-36.07714652	-6.548334453
2566	-36.0478754	-7.68834494
2567	-36.03502129	-6.926257701
2569	-37.03801481	-7.560667349
2570	-38.06613808	-6.787153973
3754	-35.50446997	-6.147044386
2571	-35.35489313	-6.860563087
3698	-35.92160235	-5.960541229
2572	-35.73182262	-6.859269035
2573	-35.75422297	-6.525052723
3701	-35.59047185	-6.000419533
3702	-35.38322332	-6.217661681
2634	-38.3153635	-7.423615034
2622	-36.64806171	-7.794926113
2623	-37.97057747	-7.050482767
3757	-37.82402702	-6.103396677
2626	-36.31862221	-6.864198577
2782	-37.57576135	-6.755424629
2635	-35.6467942	-6.609439062
2636	-35.39172459	-6.725330276
2637	-37.74183818	-7.08824096
2783	-37.09581215	-8.076371111
2632	-35.93023657	-6.642982479
2592	-37.94859332	-6.474412624
2593	-38.47801288	-7.289646939
2786	-41.00512713	-8.618529189
2787	-35.94522473	-8.456815512
2789	-37.03826989	-9.086792676
2794	-36.27658827	-8.891027001
2796	-40.49385138	-7.61311975
2797	-37.00760514	-8.379792649
2855	-36.90062674	-9.142837173
2800	-35.81409502	-8.603870376
2831	-39.20157366	-7.745385214
2801	-38.98171156	-8.583218536
2802	-36.4062306	-8.276342094
2803	-37.98733834	-8.264982029
2806	-36.68353099	-9.201594469
2804	-35.78227805	-8.219354309
2805	-39.96446351	-7.655358279
2811	-36.28109973	-8.075256159
2807	-35.56548123	-7.779683624
2809	-36.52939937	-9.026261718
2810	-37.32086342	-7.336381746
486	-38.35357564	-11.41923551
2679	-37.35855157	-7.283982397
254	-42.53628815	-13.32329856
204	-39.33136646	-8.832016555
2673	-35.30598103	-7.038038612
3777	-35.95263043	-5.290106847
3717	-38.39885981	-6.114314061
3761	-38.31721855	-6.404553081
355	-40.84080457	-12.6087824
2687	-36.2059121	-6.475950255
1710	-44.06539883	-15.32522702
2888	-35.5005243	-7.703748699
2643	-35.43214249	-7.141197388
2716	-37.13978378	-7.041308023
3688	-37.76255209	-6.153997501
2746	-38.32724598	-7.259119139
2740	-36.40173462	-7.591800277
3048	-42.78356359	-9.47530101
3107	-42.00411098	-8.114323586
3134	-42.16566306	-5.722983905
3187	-42.92138014	-9.322411589
2808	-35.70653172	-8.493450736
2813	-37.11413216	-8.657772013
2815	-39.32907098	-8.386077425
2816	-36.25312904	-8.487486724
2830	-35.72984864	-8.675288247
2827	-35.31352066	-7.800630265
2828	-36.09821115	-8.112156265
2829	-35.72224795	-7.756738794
2839	-37.68119757	-8.173388968
2840	-40.61985487	-8.495777491
2837	-35.72040598	-8.039441729
2843	-35.38299406	-7.952365312
2846	-37.88813685	-7.93543286
2874	-38.2135597	-9.20723184
54	-36.84857474	-9.788907589
2847	-38.35189861	-8.518022257
2848	-35.88467392	-7.934653515
2850	-36.50145151	-8.873523208
2856	-37.71994929	-8.583762882
2859	-37.39754677	-7.86642698
2861	-37.84501119	-8.808934896
2864	-40.23553706	-7.498350136
2866	-37.29485246	-8.989445959
2868	-37.14293696	-7.397049805
2877	-36.45924167	-8.74383706
2878	-36.39361235	-8.715065644
2879	-36.14239008	-8.75490002
2880	-35.33639998	-7.852176793
2884	-40.22277109	-8.777222492
2885	-36.28596025	-8.677542816
2891	-38.73575823	-8.157209567
2892	-39.52147039	-7.617692285
56	-36.68202958	-9.543267819
2886	-35.44793017	-7.848288036
2889	-37.54327609	-8.893145331
2896	-35.59752908	-7.705326498
2897	-39.59062601	-8.471745541
57	-36.61995228	-10.1394654
2901	-36.05032778	-8.666585203
2898	-40.16814407	-7.962578331
2902	-36.72247428	-8.891061753
2907	-36.91302139	-8.676657952
58	-37.69618146	-9.272370078
2903	-39.76984945	-8.159662465
2904	-35.54616532	-8.011960715
2908	-36.84656656	-8.326843059
2909	-38.35524768	-8.888533435
2917	-35.88241603	-8.080666017
59	-37.22838344	-9.654893855
2941	-35.49028253	-7.603542518
2910	-40.57216201	-9.019292448
2911	-36.69347976	-8.206687418
2915	-37.84900312	-7.717636951
2920	-35.68382163	-8.303190959
2921	-35.59358041	-7.915096427
2928	-40.60411474	-8.257941537
2922	-39.06474697	-8.218701524
2924	-36.55081806	-8.359864577
2925	-40.30152976	-8.290587397
2926	-38.17531327	-7.849219477
2927	-36.32508875	-7.889087061
2929	-39.91399711	-8.629270102
2930	-35.88259823	-7.824195226
2933	-36.44584381	-8.531267348
2934	-36.14775147	-8.328360813
2936	-35.78676694	-8.414935856
2938	-38.74535853	-7.86537154
2939	-37.2733297	-7.527376316
2942	-38.36941486	-8.035668479
2943	-39.38078275	-7.849368422
2944	-37.33670551	-8.210090492
2947	-35.75422652	-7.891134815
2574	-35.70448014	-6.951496427
2576	-35.93316708	-7.04833202
2628	-35.25308781	-6.904783746
2577	-35.69156205	-7.534753211
4710	-37.33149096	-10.78720138
2580	-35.59664587	-6.699731976
2630	-35.28459616	-6.733132728
4714	-37.50046915	-10.76639821
2948	-37.5133685	-7.576901618
2949	-36.26980171	-8.347826703
2950	-38.07610959	-8.956388274
83	-37.25844855	-9.531025866
2954	-39.38425047	-8.150524181
2958	-40.30268042	-7.746567327
2561	-37.6618119	-7.470177948
4716	-37.91323016	-9.712072145
2624	-36.63453953	-7.644395493
4764	-37.42898579	-10.503845
561	-38.94234339	-12.41739619
2700	-35.29098179	-6.66843914
4718	-37.64602586	-10.33258103
2674	-38.33468145	-6.820830997
3684	-37.01393446	-5.526389595
3685	-36.59975074	-5.470979905
2780	-37.02967256	-6.788391414
2785	-37.61972842	-7.736764028
3150	-42.01427254	-7.457305695
4725	-37.32960479	-10.28205258
4726	-37.58989145	-10.52209822
2960	-37.43979766	-8.509536284
4733	-37.77699278	-11.25878972
3699	-35.81164195	-5.675409227
2961	-37.2638913	-7.687598349
86	-37.17194367	-9.491177693
3700	-36.44137638	-5.962311486
2963	-38.98883422	-7.975513533
4727	-37.30383772	-10.0783735
4729	-37.21837669	-10.22225921
4732	-37.4217389	-10.68551038
3703	-36.08329407	-5.17486981
4740	-37.58445352	-10.64754141
3704	-36.02603947	-5.765556253
2969	-40.96542414	-8.278016869
2970	-42.68023194	-5.783346029
2972	-40.9196594	-6.928456943
2973	-40.78676761	-7.195153002
3683	-36.64971016	-6.408987562
2964	-35.81754297	-7.776552353
2965	-35.98192324	-7.889700502
3686	-38.30810852	-6.208260815
3795	-38.22339426	-6.196418198
3111	-42.53790026	-5.894259943
716	-38.98958837	-7.694624415
3124	-43.36681405	-7.884520911
4712	-37.59687871	-11.12016938
3743	-37.28558494	-6.334275696
3758	-38.40253772	-6.372975117
4744	-37.34082986	-10.5939937
4706	-36.92079482	-10.16580574
3756	-36.13407123	-6.147595344
3770	-35.22240866	-5.801992291
3772	-35.42219453	-6.446970019
3759	-35.42825157	-5.926324014
422	-41.86071173	-10.96322413
67	-36.73545258	-9.802167071
76	-37.75985273	-9.057622109
504	-39.90599731	-11.87113244
68	-36.46703192	-9.733049485
80	-37.29547773	-9.60048745
47	-36.7885246	-9.629010491
79	-36.86417532	-9.337508061
48	-38.04963283	-9.39810772
498	-38.64029917	-12.12427582
84	-37.81556313	-9.436180446
85	-36.79245526	-10.05549462
87	-37.36420045	-9.139078825
49	-37.06965354	-9.382651998
50	-36.76829912	-9.390651917
51	-36.66380914	-9.890275566
43	-36.58181724	-9.629582189
89	-36.60664922	-9.416187756
90	-37.56378194	-9.644967327
91	-38.04815713	-9.241415321
118	-37.51112226	-9.390480732
99	-37.72603418	-9.524674207
100	-37.31990653	-9.298192847
532	-42.06489242	-14.32986171
103	-36.79586447	-10.18059108
108	-37.25054139	-9.387276549
110	-36.86284121	-10.10750499
116	-36.55027031	-9.963479503
122	-36.96781556	-9.897717156
548	-38.85562658	-11.99208921
215	-40.92032721	-14.54029237
616	-41.16502373	-12.23491472
216	-41.09212017	-12.62120015
589	-40.78430427	-11.88500367
221	-39.14650916	-12.3799645
217	-39.89149092	-10.28985755
726	-40.64673643	-3.168672537
296	-42.10351103	-11.15423955
220	-38.29401859	-10.40697639
252	-41.32320813	-11.97808578
222	-40.26461619	-10.55899437
233	-40.153937	-11.96385121
223	-38.19816389	-11.72334701
214	-41.52733677	-11.4114782
234	-38.62751928	-10.61899493
255	-39.85711432	-13.07577155
502	-42.67277668	-14.47341682
227	-39.07538421	-11.21357798
228	-38.52444056	-12.04771878
226	-41.37483626	-14.36423952
757	-39.05139885	-7.791748101
304	-39.26546423	-11.522161
235	-43.36799227	-11.00710627
305	-38.74013283	-12.33705739
241	-41.83579026	-11.84836282
236	-41.30624437	-13.59105818
238	-42.11245588	-11.97635358
245	-41.22400125	-15.0958458
246	-38.79392655	-11.56012041
247	-40.27194826	-14.34910706
253	-42.72003981	-12.74417774
248	-40.81829391	-12.8971056
249	-43.28382058	-13.27959001
257	-42.4484978	-12.08868724
258	-41.68196407	-14.1708358
459	-39.77362964	-12.92515039
266	-40.91285889	-14.31494543
260	-43.6848946	-10.57280854
264	-42.29131306	-14.47600005
265	-40.34977531	-11.15048805
347	-38.30848342	-10.74863893
267	-42.47613357	-14.01885607
268	-41.48251611	-11.73726127
270	-40.22047828	-11.04229913
282	-41.32786059	-15.32357392
274	-43.17229598	-9.549760039
283	-39.49102777	-10.6901386
275	-40.72078847	-10.25108781
277	-41.69716078	-11.75637417
284	-38.98423588	-10.07098389
285	-39.81168777	-11.69386481
286	-39.98317416	-11.32271126
482	-38.55635488	-11.30602003
310	-41.89538653	-15.03789224
287	-41.27832239	-14.62510911
291	-41.33634662	-9.239588122
292	-39.366981	-12.74441284
295	-42.31347844	-13.23069253
3787	-35.22428549	-6.464778823
297	-39.16428408	-9.244003913
298	-38.42137844	-10.54610289
306	-37.67993165	-11.82786634
368	-39.33016282	-12.30174754
307	-42.04926844	-14.92729519
308	-41.09475893	-13.81611229
309	-38.78201738	-12.21857938
329	-38.87368954	-10.45684723
312	-37.95134079	-10.26839721
319	-39.6398148	-9.262774706
3789	-38.02872193	-6.28618428
351	-41.34238145	-13.38508657
316	-38.16790266	-11.50680787
322	-41.70795414	-13.85609925
328	-37.88696361	-11.93676655
326	-38.14616637	-11.97184684
327	-42.062313	-13.41262251
341	-38.43356301	-9.192756524
331	-38.20019807	-10.59297538
333	-39.03565381	-12.18870556
334	-40.14537116	-10.72007939
344	-42.0229634	-14.57936106
353	-42.18012892	-11.57317011
339	-39.7448744	-11.50582206
348	-40.1070053	-12.8161294
494	-37.90110764	-10.61714921
340	-42.59836466	-11.40774235
345	-42.82111787	-14.20484656
354	-42.36116254	-12.85842816
359	-42.28352138	-12.57562971
360	-41.91640223	-11.57592961
361	-43.20153948	-12.03684434
362	-39.15307205	-11.72678013
363	-42.70143874	-13.87275878
367	-38.4170546	-11.78986913
370	-39.78218638	-12.19962182
371	-42.47807083	-11.84210675
372	-40.04257422	-13.21685805
373	-40.91025172	-13.49608705
374	-41.57965031	-12.24260536
375	-38.75612745	-12.0496132
378	-40.25999118	-12.49719219
381	-41.02285728	-13.0836846
385	-42.22778811	-10.77680329
426	-42.23331489	-14.03888477
462	-39.47549807	-10.36357617
397	-38.19407728	-11.18964503
461	-40.74976119	-14.17857568
401	-39.74107685	-12.72415169
403	-39.84541263	-10.72971117
405	-41.38556153	-13.83682622
456	-42.9240471	-13.848978
409	-42.30857889	-14.77467268
463	-43.02547799	-11.77417994
410	-40.55977692	-11.13690836
411	-39.96222017	-13.54522159
419	-41.56832	-11.22531532
412	-40.09031955	-10.04012456
414	-37.59560552	-11.59731889
420	-40.33827441	-9.631350665
415	-40.15936506	-13.87219336
416	-38.54937214	-9.938407443
424	-41.59851215	-13.5182175
425	-40.27440959	-13.62673747
521	-40.11821154	-11.39566622
429	-40.97158025	-12.38272003
430	-40.27781257	-13.46408471
431	-38.95445079	-11.79248436
432	-41.78522186	-11.49854831
434	-41.33474241	-12.42019213
435	-42.46611705	-14.59098815
436	-42.0088715	-13.80869251
453	-40.65548325	-13.10779072
438	-40.264155	-12.12944949
460	-40.63701658	-10.81685561
440	-42.70991884	-13.17464864
441	-38.91239886	-9.276051829
443	-41.51718876	-14.6593518
445	-40.17647752	-11.72993754
447	-41.83587965	-14.34802385
448	-40.56501425	-14.04852438
450	-40.55289053	-13.49693898
485	-38.43061515	-10.38306302
458	-40.61086944	-11.42037374
464	-41.15108162	-11.47264934
465	-42.37106173	-15.00634806
466	-41.47274196	-13.06207219
516	-41.99499823	-11.29224706
468	-41.51888753	-11.983321
524	-39.41002133	-11.49440731
469	-40.58555933	-11.99948833
478	-39.63676645	-11.62117131
476	-39.45245215	-10.87590898
490	-43.24517872	-14.16268816
491	-41.55803456	-12.54612841
492	-42.2575059	-13.51301273
493	-43.06709686	-12.68407431
563	-39.84102815	-11.41650966
496	-38.29538341	-9.537688775
497	-39.6081587	-11.86122156
499	-37.95711429	-10.05621437
500	-41.87881975	-13.03715375
529	-38.49490968	-10.76603717
501	-43.11030083	-10.00885616
503	-40.34413702	-10.71701578
506	-41.71548803	-14.99225675
507	-40.61417809	-11.69300976
509	-40.46788057	-14.70978816
510	-40.36128272	-14.53585253
512	-40.12163326	-10.95468236
517	-41.7462352	-14.68805412
519	-39.73745197	-11.09811978
520	-39.12090562	-10.83300274
522	-39.58517088	-12.4694069
523	-42.255057	-9.600244351
535	-38.59822161	-9.431936236
526	-39.42426032	-11.81240908
527	-43.10614241	-13.67870295
528	-38.38415802	-10.9716774
531	-41.84737739	-13.48446157
533	-42.11757856	-13.15097002
672	-40.32792092	-2.895534446
534	-37.91598286	-11.54509175
536	-40.66161821	-12.24077129
539	-38.98232002	-11.93634701
540	-38.1426665	-9.75797174
544	-39.39685405	-11.16506096
553	-39.26984105	-12.46736663
550	-39.569998	-12.72941636
551	-38.75550162	-12.59054723
555	-39.5783449	-11.45869933
578	-40.25447361	-11.43524435
567	-38.59305057	-11.56924788
569	-40.38568331	-10.90895206
577	-38.96983503	-11.66046007
570	-41.88112999	-12.4203976
571	-43.12781953	-14.57081538
572	-40.11231315	-10.47527413
581	-38.15596765	-10.32771843
573	-41.64955694	-10.13619809
576	-39.37419533	-12.09711022
582	-40.88620377	-9.687375162
583	-41.79786547	-12.01936248
606	-41.06695057	-12.0381843
585	-41.17992206	-14.13356509
586	-42.54700717	-13.55552382
587	-39.08841049	-11.9511891
595	-41.45684439	-15.00632624
596	-38.78832804	-10.98718218
597	-39.44375957	-9.895798324
718	-39.28858624	-7.180431004
601	-42.10241388	-11.37340672
602	-41.23665346	-10.56975954
723	-38.57868657	-3.857109713
604	-42.68285632	-14.73688033
637	-40.1547659	-6.238704279
636	-39.02660658	-4.420047014
650	-38.93146364	-7.521874927
608	-39.4510312	-11.38022015
609	-40.04629386	-11.5967407
610	-40.31613188	-11.53953914
611	-41.03012311	-11.12077337
615	-40.92513819	-15.01744227
634	-40.74645218	-4.772594844
642	-39.33828719	-7.368830445
635	-40.07752412	-7.259047012
619	-42.5564616	-10.76321575
631	-38.39431283	-3.976298359
632	-37.67572188	-4.632780238
731	-39.17095513	-5.640737485
623	-39.49249972	-6.121980643
624	-40.29838881	-6.604727958
625	-40.5444891	-3.59240022
633	-38.71581992	-4.482849707
638	-39.86908807	-6.913919477
639	-38.96895347	-6.988988534
640	-38.75264473	-6.711480728
508	-40.28399624	-13.19623524
641	-38.90318363	-5.262332739
644	-38.79419558	-7.124869955
645	-41.19367961	-2.944910054
688	-38.9466019	-4.244050454
646	-38.85405646	-4.337225826
740	-38.98916982	-4.30570657
647	-38.11392041	-4.399772211
648	-40.30734148	-3.052832448
656	-40.52216303	-3.951280035
677	-40.24589257	-3.859403071
664	-39.0937702	-6.569449132
649	-39.80837767	-5.087701083
651	-40.80042792	-2.950436946
665	-41.23266976	-3.092482603
741	-39.66501675	-7.09356212
652	-40.27099996	-6.936627484
678	-38.52773521	-3.7859683
657	-39.27004292	-7.019908432
673	-39.26605921	-5.886693113
658	-39.46699136	-6.645704091
659	-41.00967484	-4.129795064
679	-37.87255812	-4.46349734
660	-38.29982226	-4.237996729
663	-38.80859203	-3.783136405
653	-39.41803296	-4.398172742
654	-38.90894688	-4.468245737
655	-39.11840816	-4.175449647
661	-39.91057654	-6.253456783
674	-38.31494353	-5.9799898
662	-40.1747869	-4.631361284
675	-38.45795037	-3.876322041
680	-40.83117209	-3.717463411
682	-40.77637117	-4.048036047
670	-39.48891122	-7.231180862
676	-39.5471363	-6.914535152
689	-40.40223315	-4.438882387
681	-39.44421591	-4.055663701
732	-39.89160433	-3.550012443
666	-39.19088354	-4.771919998
667	-38.47304041	-4.303060656
668	-40.72878439	-3.642860633
669	-40.71936392	-5.198538593
683	-41.00537067	-3.233966699
684	-39.21238577	-6.902199391
685	-40.36607126	-3.912401424
686	-38.67339785	-4.10482934
687	-40.91826467	-4.234798019
698	-40.80350905	-4.909622272
691	-38.72458019	-4.780111097
692	-41.00542022	-3.950857585
693	-38.55672565	-4.974086778
694	-37.48101706	-4.713120322
730	-38.93796421	-7.300097848
699	-38.7432179	-6.809141502
695	-38.78377502	-6.389036189
696	-39.27804237	-6.355695542
697	-40.34151388	-5.474096347
700	-40.66941058	-4.36881251
701	-40.8769445	-4.572913599
715	-39.24260088	-7.592159911
702	-38.33775403	-5.775249586
711	-38.75106365	-5.488716336
703	-39.81759447	-3.865408036
704	-37.87250131	-4.718998303
705	-38.54963233	-3.99908456
706	-39.57413853	-3.733643805
710	-39.57031753	-4.624062324
707	-39.59844224	-3.395719088
708	-38.9517734	-4.59602224
709	-39.88904123	-3.048942904
717	-40.49538795	-2.878702655
742	-40.52803983	-4.679364475
712	-38.53583337	-5.61603831
713	-38.70476667	-5.961239705
719	-39.60747531	-6.457880058
733	-39.15686298	-7.311591614
720	-38.99470706	-6.778004192
721	-38.01538805	-5.151511164
722	-39.51505501	-4.854565982
724	-38.72415942	-3.985262547
725	-40.25684136	-3.218209674
727	-40.38772251	-3.483929453
728	-38.71337115	-7.397726416
729	-40.4510559	-3.578184746
751	-38.83907197	-4.125999097
734	-39.74825567	-5.787966937
735	-40.04417302	-4.914782685
738	-40.03476794	-3.28711782
743	-40.77094569	-5.592459846
736	-38.3405679	-5.091241201
737	-40.67948996	-3.461325856
765	-40.0366737	-7.072131393
739	-40.75508394	-3.897791481
744	-38.50757902	-4.527061711
745	-38.94390494	-6.243561545
746	-38.49820083	-4.183615285
747	-38.59529817	-3.951340914
748	-38.90302885	-4.197722513
750	-38.02856707	-4.7066187
752	-39.03947495	-3.479995788
753	-39.18245783	-3.425401335
761	-39.45160071	-5.863042944
754	-40.59259395	-6.459973512
755	-39.39837649	-4.160401704
777	-40.16450408	-3.461261114
759	-38.49915991	-6.083169311
756	-39.84652671	-5.496138583
758	-39.14934248	-3.852372659
766	-38.1670967	-5.749379588
763	-41.07683214	-4.798672731
764	-39.10708396	-7.542972422
767	-40.76072072	-5.871532865
768	-38.94691156	-4.954373028
769	-39.1382791	-6.206037854
795	-39.4178382	-3.605269376
774	-38.15085036	-4.842271652
770	-39.32986628	-5.24356673
771	-37.8616623	-5.086973339
772	-38.76962975	-4.236504645
773	-40.61507811	-4.11818109
778	-39.75583793	-7.22245493
784	-39.35321736	-5.646475638
775	-39.88896166	-6.484237177
776	-40.36614289	-7.20444032
782	-38.27344984	-5.32576329
785	-40.39888751	-3.31370727
779	-40.04219748	-4.340480939
780	-40.99925996	-4.023854426
781	-39.06035515	-3.619305875
786	-40.49626802	-3.744030244
749	-40.68978771	-4.000736307
787	-39.00249072	-5.776522416
788	-38.04418358	-5.32475286
789	-40.33561457	-4.926940029
790	-39.74875853	-6.736077123
797	-38.73078804	-6.623109905
793	-41.06088401	-3.756587566
794	-39.35349262	-3.338074417
796	-40.89240586	-3.825854766
798	-39.39539548	-3.711289363
800	-40.67982671	-3.32088256
802	-39.3122105	-6.828066895
803	-41.13566503	-3.544829446
791	-40.25913804	-5.936557853
792	-39.58434717	-3.933295872
799	-39.51552059	-3.622423318
760	-38.31142303	-4.056196133
783	-39.26459949	-3.645374216
3778	-36.61919613	-6.713479124
3779	-35.25222864	-5.913312947
3781	-35.39551826	-6.283529595
3782	-37.62097043	-6.086424793
3783	-38.15793155	-6.135086798
3784	-35.87310451	-5.145513812
3785	-36.07918407	-5.524123623
3786	-36.33138117	-5.474711629
3788	-36.62354398	-5.2925609
3790	-35.69399334	-5.571098639
2611	-35.51804664	-6.537701531
2946	-37.65190996	-7.572257258
3791	-38.01448095	-6.0323282
2583	-36.07574295	-6.791610635
2790	-36.76181917	-8.496045857
4734	-37.14321859	-10.10571462
3793	-35.72728399	-6.104454953
1227	-43.53592425	-6.050122262
3796	-37.73008056	-6.068590846
1243	-43.28470593	-5.387790412
1311	-43.63754156	-6.556942265
2584	-36.2851767	-7.70053565
1261	-43.46627482	-5.622260453
3802	-35.94023866	-5.856384674
3797	-37.96562026	-5.923095044
3798	-38.33593935	-6.276338661
3800	-35.39986682	-5.37751249
3801	-38.08050612	-5.858362665
3803	-36.00617231	-6.248044054
1306	-43.15653066	-6.193963696
1329	-43.49662416	-6.452881747
1332	-42.97963849	-5.182865124
2772	-36.89983046	-7.677456402
2582	-35.96755497	-7.56427511
3804	-35.71996891	-5.788552325
2587	-37.27336145	-6.121096652
2586	-35.51461173	-6.70227254
2773	-36.83136524	-7.220914469
3814	-35.26043712	-6.065504131
2588	-38.55902044	-6.484900455
2589	-38.18727114	-7.429426179
2631	-38.16755039	-7.536248686
3815	-35.73971596	-6.30058303
3816	-36.85879258	-6.485940954
3817	-38.47346092	-6.211516397
2774	-37.89632694	-7.598260385
3818	-35.74013753	-5.182383066
3819	-35.75418396	-5.933566088
2775	-37.24035664	-7.23627236
3820	-35.62985442	-5.892324863
2776	-36.62414013	-6.960712201
2777	-38.57317919	-6.605925783
3822	-36.12816867	-5.987726777
2610	-36.02216359	-7.271972483
3752	-35.84367475	-6.010572214
3806	-36.76454788	-6.732048693
3821	-36.87823344	-5.836929414
2612	-35.19541429	-6.884700339
2956	-36.05574872	-7.998388516
2602	-37.17227516	-7.14053199
2613	-36.50123769	-7.772888426
2614	-38.32846839	-7.031550802
2603	-35.81289107	-6.626146691
2615	-35.84357752	-6.754161173
2616	-37.59043435	-7.1378942
2998	-41.30495561	-6.901669537
2617	-37.70449657	-6.320526218
2778	-38.39193554	-6.508143423
